emitter:
    name: "smoke"
    emissionVector: [0.000000, 1.000000, 0.000000]
    emissionAngle: 0.000000
    type: "point"
    size: [0.000000, 0.000000, 0.000000]
    shortEffect: false
    emissionRange: 20.000000
    emissionVectorInverted: true
layer0:
    life: 1.000000
    stripeLifetime: 0.000000
    endTime: 0.100000
    scaleVelocityBase: 0.000000
    stripeVertexSpawnStep: 1.000000
    stripeStartSize: 0.000000
    type: "layer"
    stripeUScrollSpeed: 0.000000
    enableFlow: false
    stripeVScrollSpeed: 0.000000
    colorOverLife: [194.000000, 199.000000, 202.000000, 255.000000]
    stripeFadeDistanceFromTop: 0.000000
    name: "smoke"
    layerType: "particles"
    degradeStrategy: 2
    particleOrientation: 1
    inheritPosition: true
    isLong: false
    randomSpinDirection: true
    pivotPoint: [0.000000, 0.000000]
    effectFormat: 1
    useFresToAlpha: false
    fresToAlphaBias: 0.000000
    fresToAlphaPower: 0.000000
    alphaRemapLoopCount: 1.000000
    size: [0.020000, 0.020000]
    sprite: "../explosion_smoke_white"
    alphaOverLife: [0.000000, 1.000000, 0.990000, 0.000000]
    enableAlphaRemap: false
    blending: 1
    deltaTime: 0.000000
    enableFlowAnimation: false
    enableNoise: false
    useNoiseScroll: false
    stripeInheritPositionForBase: false
    enableFog: true
    enableFrameBlend: false
    loopEndTime: 2.000000
    scaleVelocityFactor: 0.000000
    loopVariation: 0.000000
    loopSpriteAnimation: true
    number: 30.000000
    sizeOverLifeXY: [0.000000, [1.000000, 1.000000], 0.108800, [2.515300, 2.515300], 1.000000, [4.000000, 4.000000]]
    velocity: 0.200000
    frameOverLifeEnabled: false
    velocityVariation: 0.600000
    velocityOverLife: [0.000000, 1.000000, 0.157900, 0.211700, 0.996500, 0.000000]
    frameOverLifeFPS: 0.000000
    spin: 30.000000
    spinVariation: 30.000000
    angle: 90.000000
    angleVariation: 90.000000
    randomFrameOnStart: false
    startTime: 0.000000
    isLooped: false
    deltaVariation: 0.000000
    usePerspectiveMapping: false
    activeLODS: [1, 1, 0, 0]
