emitter:
    name: "smoke_s"
    emissionVector: [-0.000000, 1.000000, 0.010000]
    emissionAngle: 0.000000
    type: "point"
    size: [0.000000, 0.000000, 0.000000]
    shortEffect: false
    emissionRange: 1.000000
    emissionVectorInverted: true
layer0:
    life: 1.500000
    stripeLifetime: 0.000000
    endTime: 1.500000
    scaleVelocityBase: 0.000000
    stripeVertexSpawnStep: 1.000000
    stripeStartSize: 0.000000
    type: "layer"
    stripeUScrollSpeed: 0.000000
    enableFlow: false
    stripeVScrollSpeed: 0.000000
    colorOverLife: [202.000000, 214.000000, 218.000000, 255.000000]
    stripeFadeDistanceFromTop: 0.000000
    name: "smoke_s"
    layerType: "particles"
    degradeStrategy: 2
    particleOrientation: 1
    inheritPosition: false
    isLong: false
    randomSpinDirection: true
    pivotPoint: [0.000000, 0.000000]
    effectFormat: 1
    useFresToAlpha: false
    fresToAlphaBias: 0.000000
    fresToAlphaPower: 0.000000
    alphaRemapLoopCount: 1.000000
    force0: [0.000000, 1.000000, 2.000000]
    size: [1.865693, 1.882777]
    sprite: "../../../../../Data/Gfx/Particles/alpha/explosion_smoke_white"
    alphaOverLife: [0.000000, 0.000000, 0.329900, 0.398200, 0.580100, 0.390900, 0.864300, 0.022200, 1.000000, 0.000000]
    enableAlphaRemap: false
    blending: 1
    deltaTime: 0.000000
    enableFlowAnimation: false
    enableNoise: false
    useNoiseScroll: false
    useThreePointGradient: false
    stripeInheritPositionForBase: false
    enableFog: true
    enableFrameBlend: false
    loopEndTime: 4.000000
    scaleVelocityFactor: 0.000000
    startTime: 0.100000
    gradientMiddlePoint: 0.500000
    applyGlobalForces: false
    loopVariation: 0.000000
    loopSpriteAnimation: true
    number: 139.382935
    sizeOverLifeXY: [0.000000, [0.200000, 0.200000], 1.000000, [1.000000, 1.000000]]
    velocity: 9.034357
    velocityOverLife: [0.000000, 1.000000, 1.000000, 0.000000]
    frameOverLifeFPS: 0.000000
    spinOverLife: [0.000400, 1.000000, 1.000000, 0.000000]
    spin: -90.000000
    spinVariation: 60.000000
    angle: 180.000000
    angleVariation: 180.000000
    frameOverLifeEnabled: false
    randomFrameOnStart: false
    isLooped: false
    deltaVariation: 0.000000
    usePerspectiveMapping: false
    activeLODS: [0, 1, 0, 0]
    forceCount: 1
    forceOverLife0: [0.000000, 0.000000, 1.000000, 2.000000]
